2k
[0.98051424 0.84613866 0.92252055 0.51403614 0.61611903 0.64109395
 0.7016854  0.77541595 0.92519328 0.66229634 0.9446796  0.81535788
 0.63319689 0.9494065  0.79650392 0.88227362 0.81294668 0.60278734
 0.76526594]
 
 720*960
 MeanIU:  0.6956, Pixel_Acc:  0.9437,         Mean_Acc:  0.8004, Class IoU: 
[0.971422   0.78280644 0.89929852 0.53646437 0.51102882 0.49583533
 0.55749991 0.67025901 0.90031648 0.58587231 0.9255397  0.70493957
 0.51894239 0.91701626 0.72727552 0.73806322 0.63737164 0.47944521
 0.65621681]
 
 512*1024
MeanIU:  0.7113, Pixel_Acc:  0.9475,         Mean_Acc:  0.8080, Class IoU: 
[0.97542398 0.81043097 0.90291578 0.56170976 0.52705735 0.51261919
 0.57009309 0.68597769 0.90309486 0.59970768 0.92779562 0.72366702
 0.53689236 0.92284441 0.73513086 0.76531685 0.68594407 0.49292424
 0.67468548]
 
 600*1200
 MeanIU:  0.7240, Pixel_Acc:  0.9474,         Mean_Acc:  0.8208, Class IoU: 
[0.96979734 0.77178633 0.90776748 0.54371483 0.55659673 0.54185652
 0.60628636 0.71029628 0.90867199 0.59944992 0.93419279 0.74250423
 0.55125615 0.9265297  0.72126878 0.80683687 0.72671454 0.54292821
 0.68806789]
 
 640*1280
MeanIU:  0.7453, Pixel_Acc:  0.9538,         Mean_Acc:  0.8357, Class IoU: 
[0.9785893  0.83073549 0.91312292 0.58193616 0.579991   0.55771244
 0.62178823 0.72410018 0.91297566 0.63205005 0.93432512 0.76108215
 0.5740479  0.93569707 0.78095309 0.83041924 0.74776431 0.54747321
 0.7154265 ]

 trt fp16, x1 in line 54 of tools/to_onnx.py
MeanIU:  0.5818, Pixel_Acc:  0.9307,         Mean_Acc:  0.6774, Class IoU: 
[0.96154008 0.74425983 0.87479146 0.32500224 0.3985065  0.46078582
 0.53010591 0.64128478 0.89744452 0.53469399 0.91636284 0.68038689
 0.34689846 0.88370439 0.26215684 0.46235375 0.22233258 0.2524991
 0.65918482]

 400*800
 MeanIU:  0.6476, Pixel_Acc:  0.9285,         Mean_Acc:  0.7609, Class IoU: 
[0.95369551 0.67891372 0.88395916 0.47123481 0.46860008 0.44288334
 0.49779954 0.61168251 0.88342561 0.52819348 0.91669371 0.65773049
 0.45809101 0.8932234  0.6439344  0.70042992 0.60743646 0.40214686
 0.60390916]
